

4.75E+02
5.33E+02
5.91E+02
4.70E+02
8.25E+02
7.64E+02
7.63E+02
5.83E+02
5.81E+02
5.79E+02
5.78E+02
5.76E+02
8.72E+02
1.05E+03
9.28E+02
8.07E+02
9.24E+02
9.23E+02
8.02E+02
1.04E+03
9.18E+02
1.04E+03
1.15E+03
1.15E+03
1.15E+03
1.09E+03
1.09E+03
1.50E+03
1.97E+03
2.80E+03
3.40E+03
4.88E+03
6.84E+03
9.33E+03
1.33E+04
1.44E+04
1.39E+04
1.15E+04
7.07E+03
5.52E+03
4.03E+03
2.84E+03
2.01E+03
1.47E+03
1.29E+03
1.29E+03
8.15E+02
3.98E+02
4.56E+02
7.51E+02
5.71E+02
5.69E+02
5.08E+02
4.47E+02
6.84E+02
6.82E+02
6.80E+02
5.60E+02
6.77E+02
6.75E+02
6.73E+02
6.71E+02
6.70E+02
6.69E+02
1.08E+03
1.26E+03
1.14E+03
1.14E+03
9.57E+02
8.37E+02
1.07E+03
9.52E+02
1.01E+03
