6.52E+03
7.20E+03
1.15E+04
1.40E+04
1.37E+04
1.12E+04
8.97E+03
7.04E+03
6.02E+03
5.11E+03
4.32E+03
3.75E+03
3.36E+03
3.02E+03
2.73E+03
2.45E+03
2.45E+03
2.00E+03
2.06E+03
1.94E+03
2.00E+03
1.72E+03
1.55E+03
1.55E+03
1.55E+03
1.55E+03
1.33E+03
1.04E+03
9.30E+02
9.87E+02
1.10E+03
9.89E+02
9.90E+02
1.16E+03
1.27E+03
1.11E+03
1.22E+03
1.33E+03
1.33E+03
1.28E+03
1.11E+03
1.28E+03
1.17E+03
1.23E+03
1.23E+03
1.28E+03
1.06E+03
1.06E+03
1.23E+03
1.17E+03
1.29E+03
1.29E+03
1.23E+03
1.23E+03
1.23E+03
1.29E+03
1.18E+03
1.18E+03
1.18E+03
1.24E+03
1.18E+03
1.24E+03
1.24E+03
1.30E+03
1.30E+03
1.87E+03
2.55E+03
3.34E+03
4.14E+03
4.82E+03
5.39E+03
6.13E+03
6.58E+03
