1.02E+03
1.15E+03
1.08E+03
1.02E+03
1.15E+03
1.08E+03
1.15E+03
1.15E+03
1.15E+03
1.02E+03
1.02E+03
1.02E+03
1.08E+03
1.15E+03
1.02E+03
1.15E+03
1.08E+03
1.08E+03
1.15E+03
1.15E+03
1.21E+03
1.28E+03
1.15E+03
1.15E+03
1.28E+03
1.15E+03
1.02E+03
1.02E+03
1.08E+03
1.08E+03
1.08E+03
1.08E+03
1.40E+03
1.40E+03
1.08E+03
1.08E+03
1.08E+03
1.15E+03
1.34E+03
1.21E+03
8.93E+02
8.93E+02
1.08E+03
1.08E+03
1.21E+03
1.40E+03
1.53E+03
1.72E+03
2.04E+03
3.57E+03
4.72E+03
5.74E+03
7.84E+03
1.08E+04
1.29E+04
1.47E+04
1.47E+04
1.28E+04
9.56E+03
6.95E+03
6.06E+03
4.78E+03
4.34E+03
3.63E+03
3.19E+03
2.49E+03
2.04E+03
2.04E+03
1.91E+03
1.79E+03
1.66E+03
1.72E+03
1.66E+03
