1.01E+03
1.12E+03
1.01E+03
1.07E+03
1.07E+03
1.07E+03
1.07E+03
1.32E+03
1.32E+03
1.42E+03
1.83E+03
1.88E+03
2.09E+03
2.54E+03
3.40E+03
4.42E+03
7.10E+03
9.38E+03
1.20E+04
1.42E+04
1.51E+04
1.49E+04
1.13E+04
8.02E+03
5.99E+03
4.83E+03
3.97E+03
3.21E+03
2.65E+03
2.40E+03
2.20E+03
1.95E+03
1.44E+03
1.34E+03
1.19E+03
1.14E+03
1.14E+03
1.04E+03
1.14E+03
1.14E+03
8.39E+02
8.90E+02
7.89E+02
1.09E+03
1.15E+03
1.20E+03
1.20E+03
1.30E+03
1.35E+03
1.30E+03
1.30E+03
1.30E+03
1.30E+03
1.15E+03
1.05E+03
1.10E+03
1.20E+03
1.21E+03
1.16E+03
9.53E+02
1.11E+03
1.06E+03
1.06E+03
1.36E+03
1.36E+03
1.21E+03
1.41E+03
1.36E+03
1.31E+03
1.57E+03
1.67E+03
1.62E+03
1.57E+03
