5.11E+02
5.11E+02
5.12E+02
5.70E+02
9.68E+02
9.68E+02
9.69E+02
9.70E+02
9.71E+02
1.31E+03
1.43E+03
1.77E+03
2.90E+03
4.09E+03
5.51E+03
8.01E+03
1.01E+04
1.48E+04
1.98E+04
2.97E+04
3.14E+04
2.72E+04
1.90E+04
1.43E+04
1.07E+04
8.07E+03
6.32E+03
5.30E+03
4.79E+03
4.22E+03
3.88E+03
3.60E+03
3.26E+03
2.98E+03
2.58E+03
2.41E+03
1.96E+03
1.56E+03
1.05E+03
1.17E+03
8.26E+02
7.13E+02
7.14E+02
6.01E+02
4.32E+02
6.60E+02
8.87E+02
1.11E+03
1.12E+03
1.23E+03
1.34E+03
1.17E+03
1.23E+03
1.06E+03
1.12E+03
1.06E+03
1.07E+03
1.12E+03
1.07E+03
8.98E+02
1.01E+03
1.01E+03
1.18E+03
1.13E+03
1.18E+03
1.19E+03
1.30E+03
1.19E+03
1.24E+03
1.36E+03
1.47E+03
1.47E+03
1.64E+03
