1.42E+03
6.81E+02
6.82E+02
6.83E+02
7.41E+02
7.98E+02
7.42E+02
7.43E+02
7.44E+02
9.71E+02
6.89E+02
8.03E+02
1.14E+03
9.74E+02
9.75E+02
9.76E+02
9.77E+02
9.77E+02
1.21E+03
8.66E+02
8.67E+02
9.81E+02
8.11E+02
1.04E+03
9.83E+02
1.15E+03
8.71E+02
8.72E+02
1.04E+03
9.87E+02
9.88E+02
1.10E+03
1.16E+03
1.10E+03
1.11E+03
1.11E+03
1.11E+03
1.11E+03
1.11E+03
1.05E+03
1.05E+03
1.05E+03
1.05E+03
1.11E+03
1.23E+03
1.34E+03
1.85E+03
2.53E+03
3.50E+03
5.26E+03
6.96E+03
1.01E+04
1.29E+04
1.64E+04
2.49E+04
2.90E+04
3.16E+04
2.75E+04
1.92E+04
1.44E+04
1.07E+04
8.61E+03
6.97E+03
5.67E+03
5.04E+03
4.76E+03
4.42E+03
4.08E+03
3.63E+03
3.46E+03
2.49E+03
2.15E+03
2.10E+03
