8.93E+02
1.08E+03
1.08E+03
1.08E+03
1.21E+03
1.21E+03
1.28E+03
1.21E+03
1.21E+03
1.21E+03
1.08E+03
1.15E+03
1.15E+03
1.28E+03
1.21E+03
1.21E+03
1.08E+03
1.28E+03
1.28E+03
1.08E+03
1.08E+03
1.15E+03
1.15E+03
1.59E+03
1.59E+03
1.59E+03
1.53E+03
1.91E+03
2.49E+03
3.25E+03
4.02E+03
5.67E+03
7.97E+03
1.09E+04
1.40E+04
2.07E+04
2.97E+04
3.10E+04
2.79E+04
2.16E+04
1.64E+04
1.29E+04
1.09E+04
9.31E+03
8.10E+03
6.50E+03
5.87E+03
5.61E+03
4.91E+03
4.53E+03
4.27E+03
4.14E+03
3.83E+03
3.44E+03
2.87E+03
2.55E+03
2.42E+03
2.42E+03
2.10E+03
1.85E+03
1.79E+03
1.47E+03
1.66E+03
1.34E+03
1.53E+03
1.28E+03
1.28E+03
1.28E+03
1.28E+03
1.47E+03
1.59E+03
1.59E+03
1.59E+03

