1.51E+04
2.07E+04
2.84E+04
2.93E+04
2.19E+04
1.54E+04
1.08E+04
8.67E+03
7.40E+03
5.74E+03
5.36E+03
4.46E+03
3.89E+03
3.89E+03
3.12E+03
2.87E+03
2.55E+03
2.04E+03
1.79E+03
1.21E+03
1.02E+03
9.56E+02
6.38E+02
3.83E+02
5.10E+02
3.83E+02
4.46E+02
3.19E+02
3.83E+02
4.46E+02
3.83E+02
5.10E+02
3.83E+02
6.38E+02
6.38E+02
6.38E+02
7.01E+02
7.65E+02
8.29E+02
7.01E+02
8.29E+02
7.65E+02
8.29E+02
8.29E+02
7.01E+02
5.74E+02
7.01E+02
5.74E+02
5.74E+02
7.01E+02
8.29E+02
1.02E+03
9.56E+02
8.93E+02
9.56E+02
1.08E+03
1.08E+03
1.02E+03
1.02E+03
1.21E+03
1.21E+03
1.21E+03
1.47E+03
1.66E+03
2.36E+03
2.81E+03
3.63E+03
4.65E+03
6.06E+03
9.37E+03
1.20E+04
1.47E+04
2.14E+04
